0.26466821497670834 0.768088455573177 0.9879660401955817 0.521057016497879 0.3803018679628116 0.5452911258607601 0.6147921918099948 0.33086988813814355 0.20389991578460176 0.6632772076484023 0.6361933733331155 0.46481098745534755 0.3529603662636992 0.2069712049219541 
0.05891503105434004 0.5761561358602496 0.9996986914514386 0.9754995359426233 0.4392607087685403 0.45572051620222154 0.37456839364507744 0.27925236185308755 0.12441982212597125 0.0556650282998058 0.6645747207394305 0.14444010180816935 0.46405839897600454 0.40100050606699034 
0.516294488862307 0.4921306124533604 0.4085331065380564 0.5157808388042954 0.09001536105882024 0.02499911274254707 0.36501256286896566 0.5032759439398832 0.8812512400710764 0.6297671355460716 0.6434746459318065 0.889539320288654 0.9958059971766504 0.3708319442902792 
0.48290690838490113 0.17733054308201213 0.6766511778644511 0.10811819427244851 0.6299552165794319 0.11456073274907397 0.07252223854640538 0.24678427492546606 0.27326974728303666 0.05310154557229185 0.2777673332619841 0.8578410706767823 0.3348144513912682 0.9029499524458334 
0.23917137940584765 0.2572392441071283 0.6051093872458954 0.029005145340372795 0.6827900491948341 0.8553469732581542 0.46665624366469105 0.27109254239783587 0.9594799294824553 0.785826346191879 0.4219768353854284 0.24210055250745355 0.1276559124758908 0.9349057675138042 
0.543775795321676 0.2878552365493051 0.9391106875805255 0.08756789715370839 0.5774939996654874 0.9908734803781536 0.2075722590278689 0.7124507127805388 0.1824544783232077 0.6708561968034344 0.5870242370142844 0.01675630614861079 0.8083972946438756 0.23083544459486305 
0.11527509383721268 0.030309309700135345 0.8934881845331709 0.7472932873736231 0.8945912690505923 0.08078513071896976 0.6771015835872104 0.6318106963826573 0.3908746048152587 0.30575626205533746 0.21866288998227035 0.3828914422690455 0.7195057463692955 0.7981620463173034 
0.5046133393109217 0.6587996564347494 0.07427329192636845 0.5052616276383153 0.38765402427313334 0.4585509392979903 0.3343195114276367 0.25591115343853965 0.7594479524329112 0.4246268557075482 0.4970806308839125 0.847255503061191 0.7203193999961728 0.09009096094226621 
0.06563106227706195 0.34198829107925177 0.9175230284557356 0.6635416117538568 0.5184770009397259 0.4679973197903464 0.34763920446252894 0.9090076376348388 0.4147127959743522 0.13488956880997194 0.7621197724538464 0.4503900083062339 0.9404443534003282 0.3346988432075476 
0.3403741391598871 0.07339254416943952 0.782745942314483 0.8092844660494003 0.9795286267458254 0.8698760058938889 0.842910610763873 0.09352076918353336 0.6473863389005251 0.7219257029645673 0.7475273203703776 0.3073970179881592 0.49827947166412334 0.4918613699627077 
0.16329907526197285 0.6722585959615937 0.9688792421399056 0.9052491262497884 0.819604490446061 0.06423088087085882 0.6129970664857199 0.9077807121424747 0.7618821102613719 0.7770443076382788 0.058825612305025476 0.9146392042831074 0.9016565077579141 0.12872091260722462 
0.0574271827176801 0.9449793458992978 0.2106940281582037 0.06201504073622155 0.08349245593096111 0.905535902302426 0.7568767897530638 0.534732939037047 0.4186431228643731 0.12049649902252502 0.6758452922626742 0.9045936785782429 0.6458610762338115 0.22969592984261122 
0.4543841904016622 0.3656865334419773 0.9068641135092457 0.3260625644944708 0.913860013422594 0.48458347049004225 0.47295732850651473 0.6934767942080917 0.5626281497920681 0.44656571144666035 0.8970166153987256 0.8706848511068349 0.5713591416626027 0.1122267644726812 
0.4154480575403491 0.808089000059061 0.21073769356618088 0.8612074335655335 0.3023433430191893 0.9463895643333252 0.29526967996733444 0.3370336647192639 0.636281303904356 0.8457124722544967 0.5162088887632182 0.8539424244493096 0.7737427817934361 0.8775264777237025 
0.9756318075978011 0.5129259674332801 0.7651767367583303 0.992830082622646 0.23972000887733036 0.6208832125855127 0.19735956531191767 0.8865330726939525 0.0918710510130274 0.7151182276347418 0.8931135570008448 0.02965042104609661 0.9997004299604408 0.5281093975371541 
0.7738690365291528 0.8377512249906103 0.9378067309736098 0.3787854810632135 0.2854785316870797 0.2690748172558466 0.9816573483596112 0.8552933418352843 0.34230038842930754 0.2357775233209518 0.7320014512958056 0.8712540021769927 0.3369994235002104 0.1270063323387558 
0.7094291107238039 0.11138613391684571 0.1342850403597845 0.03338075465455492 0.19536343797880495 0.7445906902225489 0.3355115511796857 0.33707074533919623 0.8458620778133317 0.02475055151528227 0.9335343719199816 0.7409683096167377 0.38159821524140014 0.08956194169436482 
0.005914284483798049 0.530247425920014 0.5730851057051687 0.9490956295342253 0.6618158143020999 0.5835340298684006 0.05882033227544303 0.016426665436157895 0.9085368639568769 0.5316836034138379 0.6561062391696142 0.35605184242120524 0.8957279752262286 0.9850437753781076 
0.2887526199846151 0.5483788133346914 0.7200121169394915 0.2569631993407897 0.5993961660085241 0.317964486259782 0.894262343599448 0.4610095355617122 0.4486183830622513 0.07014997878682794 0.6657744524156478 0.470157485190973 0.8247730534985225 0.42147167129662855 
0.523242908709073 0.5014617943386139 0.426902308363452 0.27615730758491486 0.8847316329508684 0.4204812747690486 0.912385717081355 0.27553743112181206 0.5742347309002351 0.6587555443263452 0.3410214337438976 0.5082580226424657 0.7094526449068798 0.8601143506189552 
0.40216378089464866 0.5093876460439941 0.13201291463356246 0.6269257114865537 0.9912307167535459 0.4819714275685433 0.7549991967674569 0.47038409863313235 0.5117905429242916 0.7148377153353592 0.7374675161686438 0.9224921384396304 0.37497730112383176 0.44145434329835065 
0.16924113349725367 0.7547242021667857 0.5584007859732457 0.538493799977801 0.3105471104266818 0.4028706984167272 0.6944244361106922 0.04605297516568818 0.9117171270888635 0.40157741700676 0.23591413980527087 0.6981354001410244 0.4446588646227768 0.6990417577537846 
0.9319259270748205 0.9522318353373692 0.6662767524439452 0.6532791629538572 0.35573653932164817 0.5874091710667131 0.07086870423344349 0.48585756928804624 0.4944777161320668 0.14067021220903797 0.0615784960346093 0.35112468573540667 0.45191937947462124 0.37236424297261184 
0.15690544806564677 0.8613001287156689 0.3035968257793964 0.1421723052813969 0.2962252389663904 0.3395685449272964 0.382979744339094 0.7542684297602628 0.6568663656376774 0.3640556299847574 0.7299029666133288 0.46896953333269986 0.9612901658943128 0.7865034057301953 
0.39013729332102365 0.8451087797472232 0.9226123653296098 0.23209964233728853 0.6936426225147811 0.41321257912778964 0.7844111849332318 0.36169531161708746 0.7750436929551914 0.8406712094902401 0.3614765849053029 0.006453608297217195 0.32771157735865586 0.07488073918046145 
0.4197188129085533 0.44326933353607834 0.6272010945878108 0.9743543894811391 0.06469131626711444 0.7377441878789789 0.6402598487110805 0.7791984199635121 0.3915107167970303 0.46079959321676245 0.005630004253727394 0.9932161081728613 0.06826506708312874 0.6206964439542125 
0.3899154924257897 0.12844617385155277 0.5822770201398246 0.8532552671585423 0.8678543542321647 0.5175845428836762 0.715973209021698 0.297335333887806 0.19379627482457096 0.23121052322680302 0.4715413105308348 0.2330478889553449 0.06202179905462046 0.20185981392971475 
0.7761021662697212 0.12504252087922074 0.9537882212881043 0.06810055220337918 0.4009728926996339 0.3131940520929778 0.5924523037227594 0.6284920395352448 0.11223434142290134 0.4602171840375805 0.39342979890040464 0.8263317671866259 0.31550196815546827 0.8433590283044128 
0.866440597005765 0.22215080342667126 0.7836256492010952 0.9469793750018847 0.4029993498269058 0.17094292011110268 0.4715948450896732 0.4359955204078897 0.37558003366654213 0.7884504708747374 0.6872909339978978 0.29948014253019806 0.17675233040064342 0.02917725725396514 
0.20453259656407263 0.4141117880778734 0.7376436082777863 0.5602749398712652 0.7278656740687672 0.8856708018010186 0.4410328376157422 0.8036078969724965 0.19305591141286027 0.2354083329626092 0.8901629763493639 0.6086157070595439 0.15599856879933438 0.8773671988865718 
0.8138959586580561 0.6729374921344777 0.06419122980181591 0.2588368752632726 0.8416042131693887 0.3446808062123963 0.8118223631334497 0.6971486865788498 0.4903881075473726 0.11383149128319592 0.8694676233715011 0.2815546945894071 0.45215296600517496 0.335181660369942 
0.019715483821435842 0.7013757494916846 0.8228458570950877 0.5045591573361241 0.3504862009704498 0.9864033235795534 0.7007925686206203 0.2680155064470534 0.23411831511525838 0.38874903819145845 0.04734603230073464 0.47257156103442866 0.359409183911119 0.1439162047804794 
0.4832309473724534 0.49832133680443946 0.9159988955436831 0.43417211457721505 0.4055970126600612 0.43516741010564086 0.7612466200481413 0.729909498097126 0.8828358963650015 0.7712923486572684 0.9410940535550082 0.6135971195816505 0.40968302692473757 0.1631053041871664 
0.6793630534136681 0.9360909934590385 0.2723189271578017 0.35432107687938874 0.2515367794675576 0.1999599926831931 0.41736597253408214 0.11126240606365989 0.5139579423264279 0.15788625211961638 0.6690457573500824 0.5278627527026392 0.8624388369526248 0.658826275711643 
0.6608917587270392 0.46132534426914085 0.03824604800075282 0.15473900782553063 0.004806234818402033 0.996705924733774 0.6694479160568073 0.5693625713070793 0.6041402549406015 0.27746045302670985 0.923618890939136 0.8203813573208807 0.763184622684746 0.7435453456045905 
0.520773777849138 0.39386848130215324 0.9494978988660895 0.39041519028769245 0.14433495667519203 0.021737090451261154 0.01686164997314521 0.05040175420888848 0.4278605195006113 0.27483133662455506 0.18939797566718053 0.006357502499977796 0.3373026314392159 0.5946058699631627 
0.5691128676930283 0.023622797759483505 0.7164333288378001 0.7360138998810344 0.595795436013526 0.3032662781064617 0.028583019857993497 0.4007286188016338 0.9269349074160873 0.0693950623699311 0.11767801656546784 0.36829959958237424 0.3742829794958885 0.22621733634831254 
0.9550303591138694 0.6239552738710994 0.11592677994212597 0.9197920546807897 0.3933430274349172 0.5507199034784253 0.42730843644371463 0.653991328401934 0.3695251016857056 0.9631918540134562 0.06969242162967826 0.21095715939282866 0.7472978133964417 0.031194056089736133 
0.6360822203193996 0.9724391597466238 0.3328321970825343 0.2065823398800597 0.08558755275978991 0.30699805843464123 0.5287831718268357 0.6135914323625575 0.22816301459219868 0.09238895164331273 0.8462316922247383 0.4028913286370591 0.22246758082836793 0.7502566375960004 
0.25920042019715483 0.1764716164946758 0.41691060653080003 0.27697469650792994 0.31522332445411627 0.8207958837453468 0.4404482461379502 0.8407624794351393 0.6408743852721133 0.4366554671632119 0.09696932843556594 0.4676323458967807 0.9570998328072824 0.8041553064097288 
0.30390747040818256 0.8520241877265382 0.0035819299350116074 0.11244893647252518 0.17244053873768694 0.6054878920107821 0.35994802311388785 0.4804651921198124 0.03210716817563164 0.3186195325523674 0.7086421200461185 0.057089183120040965 0.7866796997824724 0.2846637238353288 
0.8749332929026077 0.7184648360458559 0.812255509426668 0.22009659314914787 0.4723784695828449 0.4377411273759785 0.9443626573834184 0.04283052094579809 0.8275109390499752 0.23187527987813117 0.8356478147783782 0.2814603022255814 0.10715404474932855 0.7521017967013446 
0.7472097636311599 0.5870371826622386 0.028003382905924412 0.7465591280049367 0.32140798718032193 0.5162496356177015 0.011242531140064682 0.044206321586478525 0.19921116404285788 0.7415127980663988 0.010185840636446453 0.9105700553977557 0.6218002623007868 0.36704550629196575 
0.8654918278889584 0.24593932271054197 0.7871712350872636 0.019609163880714764 0.7203776936943083 0.204790143029983 0.7636811973416334 0.11612482817506731 0.7605720101074444 0.14113862317440162 0.34241951124242276 0.062135596542926996 0.4100533452313613 0.4112969216600464 
0.001902130151245074 0.6388567461590895 0.14155604781001774 0.8846603214213011 0.7987270764128511 0.5829479279929366 0.6878740318611252 0.0031613285587165363 0.387167656537319 0.21773488893232362 0.0109565032957194 0.8753574211028892 0.0010848036775785719 0.24255311466879537 
0.6793963038266788 0.9408411649477676 0.031696337413248066 0.14846501105703713 0.6294436921964434 0.5152671459551016 0.6284351414170429 0.9024993533769677 0.4682248080926461 0.5116600681933614 0.7314709157632863 0.1237569939082026 0.9861113691083705 0.4124861622566276 
0.2146645820166565 0.9659431445212113 0.5489951657852232 0.01583021410135932 0.5137544001818338 0.7432143968056162 0.6507983559813965 0.8264915951053902 0.7896002396537811 0.9278510402491397 0.9326672502979279 0.45448340417205724 0.3338744138529204 0.2342123346729752 
0.8040412450087838 0.19916067666927695 0.5858461584006573 0.9213953299347913 0.4597290441024119 0.2970908760106096 0.9934143486874333 0.4186440875841002 0.7880791225492543 0.8850576016448894 0.5790363947736359 0.5143798686813181 0.9368606088232836 0.9508256219114082 
0.8807074697351113 0.3521406610513368 0.35359551072702633 0.3278301038094876 0.8761347965735498 0.5133965958592689 0.6195393885149864 0.4019581991835033 0.5160831790733619 0.34650644793803886 0.992114795540474 0.8402608992165292 0.30246521100784773 0.9051152662522524 
0.060353355957894816 0.4363475395811306 0.817672759226108 0.7463735838851657 0.7549803561678852 0.4299686751251739 0.21945132064431938 0.607284479842259 0.8402452454149288 0.723288536285639 0.5034925505208829 0.5081449272850325 0.5089819525613197 0.5063790973642015 
0.30477056125624424 0.09516854310362732 0.9624181283432199 0.8848674239502211 0.7897194972841838 0.34963536309873744 0.15489390826550775 0.7621671282159228 0.5095223838493007 0.27302112078924656 0.46522428491872037 0.1713399747195532 0.3704442568409214 0.4332135482835847 
0.13258175589250776 0.19417944110186125 0.7087360245682088 0.3617495233078216 0.7904584254649387 0.8751213339279715 0.8797504069688048 0.29883557370947267 0.47987547772336137 0.5935519427270735 0.9013251459011944 0.3079583216358587 0.17608209029859623 0.004758579779898908 
0.5762453801449235 0.86052885793862 0.12461015542418297 0.022006956693121915 0.9448490984452813 0.5227664692178167 0.3919122909544973 0.46558692939143 0.6897469860958089 0.13631561221343946 0.29031474104561505 0.174554209772524 0.597695570772623 0.6012301348351979 
0.45138986987985596 0.6401143815388323 0.023641864921408406 0.7951634285123845 0.20307671878865063 0.7178981882380213 0.09616066575031867 0.7194324643139233 0.47684845243550755 0.959937191111271 0.46150237462459187 0.6472626452637869 0.036217578749992985 0.8742229818666472 
0.62508872889099 0.9319074975213079 0.8902339995345527 0.2298814697513889 0.8339910411522236 0.28038712191148607 0.19708978740713068 0.3196627355930135 0.9211214803052205 0.22018677913326234 0.18721680892639714 0.2762468358596941 0.7859936378873815 0.21428367726136466 
0.6217810812400913 0.09410967198018094 0.8117648601518787 0.6501855061389971 0.7681378143484071 0.6094043210332992 0.049491312503404994 0.3269132666093788 0.7342940003437168 0.8614169621932604 0.2867015506011311 0.22181454014746405 0.23334109923412694 0.056500741134088095 
0.8245566289364844 0.6356960930501068 0.23320022404963303 0.587055746543294 0.7107745007071442 0.229201412976347 0.3498711079616169 0.6106580296891363 0.9727841911516004 0.5914481859144393 0.009798432303159466 0.04662720493799544 0.34348885176476973 0.7151368643379036 
0.1435144056434371 0.43988287633520273 0.3487317813184526 0.3196241372536526 0.361239695374875 0.14887134228675136 0.7524697865440032 0.3218303530000083 0.4090842767957734 0.10707112458089718 0.5734332248477118 0.10654781581703132 0.7112717310993563 0.9853132908552518 
0.6682027103701121 0.33030998156051183 0.2483015640108791 0.04643755906841818 0.02393907297824882 0.19206573748743927 0.7128079559987053 0.7871394675273823 0.7809776263910879 0.635808071380857 0.36881755563726526 0.7365744174764124 0.7725339899308812 0.21191930509800205 
0.355141803430857 0.8997381725906621 0.15981757291905252 0.9443018532945626 0.6954807775654185 0.531602001668308 0.7946959345704021 0.6813196678512838 0.050682191180957514 0.9692765347504175 0.5281143037755254 0.10209972784185384 0.009517138909850398 0.42394142436397186 
0.5581713298939475 0.4038766189119074 0.6605230703386916 0.08217171907194432 0.5805967186550385 0.4357905544780545 0.036616390342037786 0.05147972846627402 0.7842136634263273 0.35133892977652037 0.7652461983339378 0.7962426025903238 0.6254962356603126 0.3829694554474762 
0.8239918960705891 0.19343579833950775 0.6096285269900779 0.04919504809780695 0.6594576384327469 0.14841612471309829 0.5482298633782756 0.7052588934946733 0.703685922360935 0.23957711426843642 0.4002099620462779 0.5478025998687565 0.39394181844833975 0.6056254161693116 
0.39235616426593367 0.3284964668853958 0.7526065607296474 0.4265782611961477 0.8825049800875582 0.3159758751637708 0.6410058933218582 0.7138902338263541 0.7138545103846642 0.7696543441868093 0.07991186457185273 0.18785136937497326 0.4052396301211346 0.6092427511108794 
0.9460006741503492 0.46647145687730274 0.9562368655520627 0.8462699174346424 0.752064801563519 0.4160873193550244 0.6411282179600302 0.043988205407371805 0.7523146520545806 0.3997239882716378 0.9028151137208313 0.006684641932357849 0.8525093788030628 0.4035240235016686 
0.3661649732928025 0.9847999558892547 0.593606762210797 0.2462118098734104 0.7242015229190129 0.6470945561299604 0.198469452596013 0.2836942840705807 0.5700260522582589 0.8162957139985386 0.8581355550595671 0.29035057151109955 0.29610650036641883 0.972511442232177 
0.9734806164190936 0.8196377634822454 0.5851602694961695 0.25278826663815723 0.13909475930258064 0.477676570438613 0.4298052744930815 0.7213322747011846 0.7460884173802088 0.3173472234379665 0.5025644635526206 0.43459960550510446 0.8794951794329069 0.19961888123532012 
0.8492558197371112 0.7295948820038235 0.6390647255716632 0.5491208800746997 0.18890972785869042 0.9098183399520653 0.06210073342301892 0.737253608964877 0.9980370548678497 0.8526540803900605 0.21504640923113982 0.599157452557278 0.15009253042076565 0.027121775219970723 
0.5116288922569205 0.10217275256495173 0.31950289812666477 0.04305408888013551 0.45104562227605594 0.03420841565313759 0.5728251955632411 0.11187609622156602 0.9648626274302737 0.7596389218531338 0.16161959522139968 0.4284789466902418 0.7305443842530355 0.006918626857680965 
0.6624771609393765 0.2034028132894331 0.7877693568680936 0.8852195180915765 0.9492694134091296 0.43913846144632807 0.8962097971803143 0.9997055394434049 0.8163316353934628 0.10622100887509012 0.4415025225428231 0.8940570538086404 0.03329153548619723 0.4004717437076295 
0.1147781076041745 0.4665777574697012 0.0867356075446718 0.5093695544470224 0.6031552473338506 0.21012514386781955 0.1143067621017092 0.5788474839634492 0.8290018140085282 0.4747992574848343 0.31316873015509916 0.6294881128041511 0.2589140887702557 0.5930238339234665 
0.4681244002390198 0.27313370194487685 0.3621110946080287 0.2736671682660804 0.1837094514947415 0.01724145449662673 0.5540391481808554 0.3056820124936871 0.17187996476629375 0.43417294846149135 0.667060407374349 0.9253501770454817 0.14652849263847767 0.3665376182793557 
0.42492818465401694 0.39340152583467847 0.20467198973790957 0.5239282910002345 0.8594658509876267 0.8245878402949312 0.18732365751340674 0.7042706151305514 0.20373068178684095 0.814018795184516 0.7807146305376645 0.6109791372972594 0.21223440579869013 0.06481160065401081 
0.3200332246279679 0.4702069397326877 0.8847477504043988 0.6886381997951326 0.5125042581355075 0.5651177071274188 0.3281552621711973 0.7547429622865643 0.35292167494595184 0.6413289318927579 0.5115032153314975 0.14016538332262796 0.7782100059585617 0.9850592120639371 
0.20560115769213783 0.3939856774123275 0.05188958658327991 0.7859763307970571 0.3987140250684804 0.9299763446418458 0.6956759556507073 0.28578816588544964 0.2235318696018238 0.5169077866378107 0.6338811082996505 0.9761358680221423 0.4005132455722079 0.8420472894135365 
0.3821256983955045 0.1324353294069296 0.8584671740346573 0.7278167210899231 0.9470104776468425 0.37879995514283227 0.9562711612711663 0.8455716780136641 0.9156755062549903 0.669489197843794 0.224743886807654 0.11261815539273057 0.07629223895086457 0.040728385392864164 
0.5469304919228467 0.4313107337146771 0.09851120457886176 0.5154978189958119 0.5232326110326913 0.2372834715256089 0.6394734140836571 0.43750363099141587 0.7203231607446096 0.9591087245041754 0.6148041513119434 0.3756523272563578 0.30744183922243074 0.33176844130259675 
0.09690485458999565 0.8786982628913579 0.26860632191171496 0.38469352814385416 0.3397847051786341 0.03549187172048818 0.5376083325116094 0.7153304122706338 0.010841552121403475 0.5605722958731957 0.7918559065117075 0.02266017160580802 0.8072573261111209 0.31317245366883395 
0.1103578651825543 0.074043767309247 0.4118845792787835 0.8656771175227653 0.2680761610246115 0.13909255902521644 0.6564047384168994 0.6563685973573152 0.06082083151347617 0.0060127519532855445 0.848929781593604 0.556059367011368 0.836287204091684 0.3592260437532123 
0.16729127602013671 0.006834911042015612 0.26858120836907107 0.32913604952723186 0.35116636927370337 0.47493447727325055 0.6677045660174384 0.8061768848697426 0.506820163252874 0.02234783652412775 0.21876184768869034 0.7897838372669737 0.6951113990583078 0.3061505709670307 
0.41898923794400866 0.3061660835694555 0.6073744169958358 0.04365893021627365 0.6820863369328002 0.8292757237494675 0.34521030928168595 0.23123004431091854 0.768683971076228 0.7737311612310462 0.24070428466559968 0.062408951407125546 0.963295382997077 0.48211431372817504 
0.1409736252318743 0.6259082911025518 0.32103027361859904 0.4225690594570528 0.4629024978982106 0.7664190118303478 0.8314020937198334 0.7029808932562787 0.30939109931575537 0.7791458363760262 0.25511451436331734 0.9415014944161689 0.20728108300642512 0.5967994899081581 
0.8294564001254723 0.2125015631716184 0.3276606217517729 0.5197734574325165 0.6298509737624786 0.36958188158012883 0.38598109022550964 0.15340433153053368 0.2806853264919915 0.6172007155682067 0.7239409201059135 0.3019645684702953 0.8706962953340054 0.6414688510505782 
0.6475469126417669 0.6161282766828111 0.28400219635926083 0.585260270127016 0.9281875316902346 0.5024914006547169 0.14803729691926137 0.719121335905657 0.6248239446483659 0.8358952859626756 0.0027454122663298497 0.9941029414731228 0.07011705161077986 0.18870675292399564 
0.7902396724099937 0.6336398198441867 0.936102107468962 0.82546829102642 0.9701723282611171 0.09627268488268514 0.44377002418476963 0.14289994931047745 0.1963101099331015 0.7873284354592586 0.14013311597572375 0.554194955846039 0.3153601063830864 0.7388311061400952 
0.3951701966866459 0.22065844337394735 0.7486177003751651 0.819545456146958 0.6092558875960639 0.0879852748827783 0.18420980261498476 0.9517399172582038 0.5850261687289039 0.7530234282290506 0.9162100670230066 0.08307881049521115 0.8770437325366696 0.24357435388771376 
0.3468616628552653 0.24423749639151848 0.9133943965328418 0.8742724602604307 0.24176780287097832 0.5759659086744315 0.7013239369995639 0.5529302087815137 0.9972838542957453 0.7727889305344605 0.5621506863923311 0.2489225355446002 0.49450030732258343 0.12982858385872953 
0.32444711853207864 0.17612159141176498 0.7367651647382911 0.8369062617814172 0.8852932259214571 0.4295019011258234 0.7145315685903642 0.21348214421043765 0.6629186774299055 0.359633977580912 0.4861332896659514 0.5102364676924125 0.28435918774214075 0.32955504820246306 
0.3449142817849218 0.7796324892951794 0.7993348537593888 0.14938343662947062 0.5454074637760369 0.005498922739688217 0.912103050683134 0.5902186220609705 0.49755691461109974 0.1854121682541312 0.29585219881925107 0.11498338609845693 0.3968272133923578 0.3580458660911199 
0.40975667413422023 0.5183740241711396 0.03503145049276368 0.6559437901582053 0.3810833705282547 0.36757169947305257 0.8492382175330233 0.09923876216301053 0.7596779106040207 0.7920282155032202 0.4406279426870382 0.9989427582870214 0.597918351042639 0.34084070865759697 
0.8592770982973487 0.3528204143360668 0.42088983987445827 0.11168045497291446 0.5900353159770568 0.5286112998497774 0.5611170676269625 0.9715053022015473 0.7871526605430094 0.201472991075607 0.06361100808748743 0.23701463695240554 0.4987765670645924 0.3023985685599665 
0.6698505604788427 0.7265941971462742 0.9336845163201499 0.5264458239820149 0.1136428674622918 0.9823603168398529 0.8231216857650205 0.1113846853448921 0.7506632314498605 0.49201895332268397 0.7526814511187043 0.3720751034792965 0.43798898267905173 0.5138793817278899 
0.6131066245827721 0.20852952106808376 0.8340475833247103 0.5685796066131259 0.9279918486733856 0.5335097734908425 0.7007017430861673 0.419937324955012 0.7282478210229282 0.16709090446080344 0.669040345982023 0.7201725863667243 0.831778432526016 0.6432508492252962 
0.031394992887586626 0.904882209268264 0.016441345754116488 0.05049400729122222 0.22630140695157708 0.5785272436617123 0.9660146564195353 0.05503743417537588 0.2697642960282346 0.2614941870004911 0.031065401928192626 0.12070873272163762 0.9864170881283388 0.40436001834847934 
0.33147303392504446 0.8357846942430155 0.6136945286367866 0.30106191394930937 0.29069238618578896 0.2200827154026176 0.8561996642708807 0.1412423209110817 0.5059198666621125 0.65772995024033 0.19241173646746723 0.2678016178522382 0.580523782108235 0.22077170306875316 
0.201228343130595 0.250950509789053 0.8052750079550488 0.15994859977874198 0.6675184615844003 0.9546647186583614 0.6911454529507828 0.5610464722920989 0.7900320007655196 0.06999357764109426 0.6161307014645049 0.9269709025806878 0.9524361339088786 0.9178799570305929 
0.9699611082938469 0.4052460494570852 0.8834073197338554 0.25993898128773396 0.9999876920679088 0.8976467837020466 0.1461286714588247 0.62114412504437 0.02290953903975168 0.4466373783790859 0.529387662915624 0.28788488320068617 0.162363088287806 0.3294528438715657 
0.9435114749512722 0.32250872964585175 0.7171537547138619 0.37244219390990563 0.8525522500888945 0.5459758328133086 0.9036781541464018 0.5659227061158026 0.4632008946325882 0.48839177912083065 0.0993178974262312 0.45596924061392674 0.5829677284968644 0.7121584244701502 
0.2193327301579091 0.9434032624678851 0.6930532049854939 0.17981266097909265 0.31379159165409576 0.8608110355555648 0.40008502468526663 0.29100519930323665 0.125961607257574 0.2007864062221848 0.29491708325742105 0.4439638461306048 0.4773787266445303 0.9033324899614318 
0.6850056810530595 0.6712764093516221 0.02988710694614516 0.9367442310955479 0.48732250123613763 0.45215141320586494 0.7461679230023516 0.09927658003993578 0.6439936520477373 0.9501826507059277 0.7690076988687432 0.4285519059737526 0.3129594209567572 0.5744147188379238 
0.13741262872811755 0.16787420371611916 0.4953233720105673 0.45271309270423654 0.3163112322578029 0.228091727937761 0.49553378666173775 0.26866323837596806 0.05280220424782389 0.2029229650855341 0.024500718923133102 0.9677766931231941 0.6792168182298168 0.8697808887386533 
0.16296605708536316 0.9066296025568857 0.6449832939782005 0.6117512391611148 0.3530333639629295 0.06462623538453216 0.7270279057008698 0.5919033420934323 0.011170324732984627 0.0370559871013727 0.20223344855636993 0.00906357207329822 0.867748569583891 0.2719510936444186 
0.4192067585433218 0.007664726590848048 0.5505767650849616 0.9991190291697977 0.7064863778005599 0.24842692465436644 0.06381213117750673 0.9615555927068337 0.40530619074704755 0.7026577142226765 0.031228257284866 0.462735418825434 0.13106254334314182 0.6050171314725845 
0.6318828750465865 0.4641628854216995 0.9472506352597002 0.6156192400072409 0.02490474560084921 0.3091837200201012 0.7206760444279172 0.2915641717972145 0.3524136275788895 0.9588452119448461 0.03395648130541673 0.967436265094042 0.3057630646054442 0.27879352252628176 
0.02629884063440402 0.13668169894488746 0.9905899809394472 0.07804056275930771 0.3104403397835196 0.6516995207221332 0.5269509880105007 0.8310889569378583 0.9641587956083422 0.7019678651754092 0.052498828832632016 0.3187364796531351 0.4106175405931335 0.7061353664958991 
0.8455065558429543 0.5271031366747798 0.5349943743729827 0.8096384802300768 0.11977026661543477 0.7158527212985947 0.18945016012536764 0.70434306880712 0.2418157843287908 0.8180450814026824 0.7571157515464364 0.8701201815415965 0.19785773458429767 0.9764277505466117 
0.555093277944908 0.8030695301968368 0.4333730059377062 0.07570459410271357 0.8054997479254954 0.34480852371514137 0.7767368168745822 0.9179206331430545 0.6479543716877166 0.6306331454596923 0.01581837930214325 0.7983142739085164 0.7075994882232984 0.7106150182564918 
0.5516922560499903 0.12289686171257319 0.7479089458068918 0.799360265785082 0.6638064434505352 0.3110087836121018 0.16355652078373284 0.1478872762285679 0.7604622089179391 0.29412506025474083 0.1963710827564712 0.7364011361845314 0.7395736354572623 0.6797153964976438 
0.4309720530835257 0.8879541345537042 0.9076289421399997 0.43342155785159386 0.032358848899916026 0.7339520855633056 0.9314877699670048 0.6080632140511988 0.6689597217824392 0.28869170686844137 0.48699951953805765 0.014448051661692829 0.29468704459113926 0.5640652262583656 
0.5932999664036508 0.7860569810330191 0.8210962092203953 0.6323400613197606 0.7835622490061389 0.8758382280601301 0.6398202478439918 0.6922259527993575 0.5448335777623049 0.3218340294320855 0.6188683922353406 0.9515487953528555 0.16937254961018766 0.024959997987965 
0.3478907393899424 0.49825892051641707 0.003952418786875689 0.9097169567694212 0.871180384518407 0.6529531377317627 0.5436543299317245 0.232212098552523 0.35333175859642507 0.4284635184665845 0.6515487667102325 0.9411780577845243 0.5143958835357911 0.14645553384117382 
0.6656357296369071 0.27215790658748595 0.4646951349201288 0.7918016424146357 0.30998540593888446 0.8347011262800643 0.3913683758348895 0.10404953404399031 0.5498242050079628 0.6061519362461432 0.6784572726819614 0.6488512193364248 0.1661675218401808 0.7333108781978129 
0.9929774778452369 0.43994462745871676 0.6869486779823434 0.44836775386509153 0.6941610103676081 0.7181769497675601 0.8514556208196288 0.8364598396761825 0.7429928262420984 0.07391092236990937 0.7189618791853316 0.05321648711887905 0.8773703191677666 0.2968465699140077 
0.6944556827601479 0.3808084276581055 0.29788110785007293 0.0867749749907697 0.012482639048721045 0.16191743051002727 0.4663476887537319 0.9848378524111034 0.02985246806672104 0.09217491350994189 0.03634062917717007 0.5010628639097905 0.6270340081394984 0.03265704216079657 
0.5142193128978777 0.4766877649931144 0.9675752814514739 0.05805949437301905 0.6690037742648574 0.49215903901384217 0.3434562565721172 0.5188980507746762 0.3910610468167127 0.5944833347735055 0.23187664472833236 0.8983331962278642 0.43785205127202964 0.6033570162387648 
0.9420314159815498 0.7735260932480931 0.5396425358473721 0.1320657400056927 0.36576032506998846 0.5560649896744628 0.14092028021836378 0.3892542907554827 0.6034628877235374 0.3305241929471503 0.266862978945817 0.6721219147583315 0.888104801917678 0.6157959936772337 
0.01762887176981942 0.8583445417267117 0.08385937892818696 0.2939931528028906 0.5642205057591702 0.2391874907235697 0.9861823268032573 0.9779958410618586 0.06847811556112582 0.8187165902107891 0.844493564336882 0.2553447057506536 0.4643190300304444 0.020885415220052495 
0.530116982195278 0.7798059853594527 0.530553284124258 0.3209317628545868 0.7492860402521717 0.43498925699948454 0.1886421686315337 0.540250863519401 0.30483268436745015 0.7949247976808131 0.6231011853173164 0.522871216155341 0.8084119115353923 0.12341650414172556 
0.23460117333731534 0.8580097640818877 0.4890686217997712 0.5659199630151814 0.7726823742527011 0.5998714936518386 0.18437214908904154 0.7874125656847496 0.6226925530466745 0.5529250144224942 0.24492311920125054 0.2955227833413362 0.2600541252950008 0.4464148725658541 
0.4728786313338954 0.3430573777945498 0.09642849237554496 0.5372858259055521 0.6663946693974477 0.5487452498046516 0.6634166456771916 0.24762398946102526 0.12350790250471555 0.01681851064486306 0.34704566228190037 0.03666084175399498 0.3776182611061445 0.24623889564690238 
0.990047224300251 0.9715258667790349 0.585034243378578 0.7430658550501965 0.06022470354726872 0.7545314408251887 0.7777155388477421 0.24293785550752112 0.7405566541686364 0.12043218551508761 0.3380964992384009 0.14283789533557323 0.43960117961589584 0.6730287674950057 
0.005057094044717103 0.4766149537867639 0.7975356323904061 0.04728119492768923 0.2105669750537691 0.11758675045554678 0.7926956968872445 0.5353554157973858 0.2585476077712373 0.21463188683984902 0.8052575450091237 0.9948581818606927 0.5744608030685655 0.2156233584774142 
0.044806998785932195 0.9871528031900821 0.726063631881866 0.7575356144841148 0.5920055008612649 0.987699546448561 0.14800835487176833 0.6770459336726117 0.49528768148110525 0.5000107267499935 0.8671195632443321 0.6510691452620491 0.8970731930187061 0.41654852700082245 
0.3157936678274794 0.5739367478341451 0.4163993965021556 0.43307946479094284 0.00206491597206504 0.4333821824716224 0.7336292151522709 0.7346436720037964 0.3713559660799688 0.15702040396364436 0.4825094419752276 0.05302527245476274 0.39018257508340515 0.007203076360940752 
0.1981278895686236 0.19496016463548926 0.6390786103395768 0.9756810652456338 0.8437881052332002 0.06585811843020017 0.38005096314809805 0.05752263114813494 0.876743013112092 0.6543099055113909 0.2663686523518236 0.9236666763934666 0.1508586127853223 0.286174708947209 
0.9065823577171895 0.09998404160703322 0.05349570307499096 0.28629781617083927 0.40797688408526145 0.23724813680499823 0.16380386378687406 0.2935159629221634 0.7850762707537311 0.22892340110470144 0.8518201428094301 0.10206584092214588 0.0182866766288885 0.7399804627833586 
0.6112901562899928 0.19533801096898462 0.15009415752726485 0.5402214108229662 0.7515161897347297 0.1376915745082954 0.6241964059819679 0.0067675706480673226 0.9031795437779306 0.8052523672398259 0.11375242309466649 0.515466826754653 0.4316731878807708 0.5012526289379186 
0.7430108597339503 0.10193079471422606 0.03537220382215156 0.8770233592181499 0.19830704898374718 0.3027442420185049 0.2495562368152795 0.4781472388816427 0.19065742334685387 0.24960306316789949 0.6139557005145824 0.42556566184485123 0.5296594869243493 0.8969995502899745 
0.717457091031608 0.060130161228308276 0.7380714791749788 0.6155965769619822 0.5697270240614463 0.2603363782297632 0.20581632528597937 0.39679273054833974 0.45566748125602385 0.7462608378943771 0.32783470773607115 0.47376457919404347 0.9706709765216969 0.5069317122246662 
0.17778406083828868 0.6101424089313394 0.26142009683044853 0.11428526124849381 0.9878759553260481 0.7600109638125467 0.15389179618130233 0.5989197867026645 0.07654138061048665 0.654746789257511 0.06191664847749778 0.7092178271298871 0.9854390953454086 0.4725624578296249 
0.7503313680334506 0.6742375549250337 0.8228197396594716 0.30671914689495705 0.39011158504824295 0.5603436514436798 0.3803296126972816 0.01602328442604828 0.2921788547663765 0.8879857886814696 0.6777884669675345 0.6924657103922314 0.43951521975804986 0.1862406284895095 
0.9350862473797255 0.1363552490707599 0.17372509288347293 0.5988789812137524 0.8037149816569009 0.41887287002349427 0.08440450254373588 0.37076958856610664 0.807777693399057 0.27785767747314616 0.7210549511091081 0.5376236110876441 0.2032400633092386 0.09749394912333331 
0.903225106649857 0.40436787567809906 0.5178787628630116 0.6802468100671655 0.3912718774709186 0.9510742909297057 0.415676846766024 0.36925346668737524 0.3820738006140534 0.4807553584367308 0.6138813295157381 0.5413478458376598 0.8300501460980544 0.22824466186828707 
0.7335293824000529 0.7845575046613449 0.627010796582473 0.8753629931741521 0.8986226808982608 0.24539467653407654 0.6274764770980498 0.9225240375150201 0.2705916389554278 0.23918859977726836 0.7719931096261641 0.6757395053858408 0.14098416951480575 0.9829672207252208 
0.14354237889481647 0.991051119242832 0.1534939634895246 0.42372883286835694 0.48318566732006607 0.3253191175901118 0.31853253382134783 0.7720591398015546 0.4094664743754983 0.5721957430524423 0.600048817847095 0.4418540164130348 0.5116796860935718 0.29519840477769077 
0.4296120826455416 0.5682625080442271 0.2979700706956161 0.7188651372165495 0.8356288457227329 0.25348104756945744 0.533248848216471 0.625364302807982 0.07652634459225915 0.1980686290491379 0.4302767397001729 0.4101188083904871 0.36149714520817655 0.08702074331697929 
0.30176075510377676 0.47896277258016395 0.6190114309245774 0.2749557236162845 0.6265737435767244 0.793541606281694 0.2638399159540906 0.9112013889433243 0.5252253992087691 0.9240154272178882 0.5956970626709774 0.4254925068666263 0.154970535325462 0.6477895206049601 
0.6737779524096791 0.4506400851773944 0.2153837960191185 0.5853289790720889 0.6914492797592787 0.5547463600267999 0.24375260734573156 0.7106815929744906 0.0639138134738898 0.212746787552353 0.8167361753331501 0.47261583572037014 0.8388550545708914 0.5172104638577615 
0.6282423258696378 0.5827463950966957 0.1652379269627403 0.4546741400038007 0.816984421255192 0.7281564112777337 0.6056111453584747 0.621360740072007 0.4512315378755246 0.700204749970933 0.7697561856679457 0.6817663627134025 0.437253049757676 0.1320735494674249 
0.6628097643419001 0.28754150775630605 0.5331912677771385 0.19046740822454944 0.3339965494857773 0.39322491468268306 0.10954021020124194 0.4162508503940213 0.17133581799348074 0.03387253262951184 0.42785541528449855 0.8161851507828544 0.14922740242923616 0.7016753002426089 
0.5791757245006172 0.9105377496815471 0.05136173367583552 0.7272355647900868 0.05199454384106961 0.06606587981464607 0.8199685717284005 0.626635831620498 0.7914341105276341 0.33436019238874903 0.7346267432108077 0.12901412910551102 0.1846108062982913 0.8567410526179776 
0.5143806816529128 0.1783361821303624 0.1260849231809914 0.9930376768637316 0.9794742627303042 0.19725127446320612 0.6269413526378916 0.5897739840842874 0.3249354501394961 0.5030551946145556 0.47721886455640916 0.6063418284808085 0.2972589054673418 0.8236120771846672 
0.5538452303972932 0.7418994572821366 0.7002074719835834 0.482814841839756 0.28483906623480326 0.32473924076482485 0.7836061994402748 0.9846048522764181 0.8552524363681114 0.6023940230836807 0.6696836049489702 0.7393377237600456 0.5627717950494234 0.29753994960482777 
0.14006819576060348 0.08518969564109768 0.8050649955885496 0.5234420407538439 0.29707876936696 0.1329800655533444 0.24028066553660055 0.7422685702612277 0.043454867857610324 0.21930054680458355 0.6304815215231947 0.19270594941984087 0.9567538712166707 0.12515960322586106 
0.05612676207305212 0.5143960909377726 0.9451193033416073 0.22057532424750215 0.5031698929774006 0.4275203723967035 0.008345712189058552 0.8810710977522386 0.08674780937733695 0.056622225425907446 0.15551650663099692 0.42382246461457607 0.9349479463462431 0.22764483846416883 
0.541069508582568 0.4025669030304817 0.2949542430866784 0.6871050200517581 0.549557567017338 0.9142843972390906 0.05469094579597511 0.20218077209161578 0.73856604755524 0.20291161023870818 0.2555826787865215 0.19365286543060956 0.3241089575740258 0.24915899996247914 
0.037095050426850684 0.26263546156584183 0.25254373979642053 0.2007772172012562 0.4739004034378065 0.27649352032494834 0.1613633828664075 0.867666298808011 0.7604126726161854 0.9460805689996264 0.5947182988375906 0.5002224184582221 0.46210604692804913 0.9346640375519212 
0.11576754310819337 0.6894443610011329 0.2007467384895636 0.09109127610350676 0.484963094432203 0.6545832829583109 0.2715502417823722 0.30068870616858634 0.11575470189639303 0.1359263380397726 0.4235003419912763 0.8545656967786889 0.6515071427112031 0.11724367255552692 
0.7368474555074034 0.37341991368089733 0.018340785730270315 0.3595341060939057 0.04996288184804287 0.6898219323032405 0.4052370140715066 0.45385113778485886 0.9853284663840454 0.9677919153172944 0.013179354443930369 0.3022362244900788 0.9699565294741844 0.1665450858742571 
0.24442913866987337 0.07863404608544855 0.3020726852181679 0.9653278546028116 0.05116402205581527 0.30322972420929784 0.7599685712141884 0.25344969083142843 0.5729421199863338 0.5118234000464985 0.6758845421605058 0.5320482586836631 0.1337342850063894 0.17211595938877333 
0.1686144649139416 0.9594856639950201 0.04691474966500453 0.2790896286927732 0.6949541329549659 0.14097635311004209 0.7587107040012085 0.8322567588697968 0.23235632579017695 0.4366186215347332 0.8956601571449597 0.06268386500287815 0.3842396912083066 0.8966731567595596 
0.5046251971944967 0.776870505570238 0.42586989179221224 0.9527214622502325 0.5891334780243499 0.7725102018098218 0.4316265794911329 0.043275433159591925 0.48324124521973033 0.026968277502605664 0.7281246400406537 0.4787666605859231 0.09220110641533219 0.7524998460698624 
0.3279744696031208 0.2142521138279384 0.19640856954251118 0.47682434894047776 0.46478990488983585 0.5358452475786136 0.1277863837635136 0.8658285930771593 0.7568455955400579 0.24387931016312192 0.6659174016282963 0.21318392496781946 0.5216719578651751 0.8890514833643991 
0.6917707357357005 0.5233784134833229 0.6831722333648919 0.6966351013644556 0.4914023755165703 0.34048264513095283 0.42781905072476334 0.7206380110592345 0.4060167343296458 0.1419763288881949 0.2414179387502221 0.44469520684492425 0.6955195826701043 0.4516697252131918 
0.8885727383158598 0.021942798167319366 0.6833697395872094 0.7476878779884681 0.6210961049653486 0.6692937787192528 0.6466219139450412 0.6484552547697913 0.504075871819654 0.34302511887124243 0.35759741938933953 0.2352160039689194 0.3086324983768234 0.3724008499746201 
0.5786655662878446 0.5160158158097762 0.22531455273761036 0.708557709808964 0.8018675863193373 0.23574592531530136 0.9904100555841059 0.8925472676669224 0.6998342697596643 0.8155651957320198 0.8886665321178441 0.7095839370541265 0.5248160970803848 0.058862605504528265 
0.4045874731893886 0.597777095002373 0.19253005897938713 0.14483922779451586 0.6645524657145446 0.8286564573379774 0.2265000635140838 0.8695147332049717 0.7601449485775773 0.3425736254268612 0.2567729138698187 0.19367555438889306 0.8657013576652488 0.46451821706605756 
0.5133888871124695 0.8931103982943912 0.5955936797356712 0.33543333348853843 0.9698811861451793 0.6081190049113079 0.18486913795445836 0.0746201780916016 0.10330801297958492 0.8613784936765762 0.7253078990141523 0.004462692354296527 0.3497937623320725 0.47700104753346373 
0.36345788604152707 0.4571936378719992 0.03322559047938167 0.5159477569895333 0.012105803934835513 0.3448101032589631 0.6585721574445405 0.2709597450231973 0.1486909689384618 0.45532402713779174 0.6198115777883711 0.701528569799689 0.9056009253416278 0.04826667346955327 
0.29497781344595964 0.21844651827322203 0.008605986545072719 0.9875631571801665 0.02964248288923188 0.17095238605910457 0.8557652670005512 0.08893825190035853 0.47686491396460073 0.36399153243874616 0.3592707927504387 0.2519842138170466 0.9088460328284418 0.40419405211045645 
0.6285189501422617 0.5800800359737711 0.5851024491765757 0.2583634686427161 0.4670605676269344 0.7573769358109584 0.20815917817518903 0.9163497468130611 0.2351683752906707 0.3588119739611021 0.12390248317508445 0.1095143150388802 0.8371770651981049 0.3722362950029253 
0.7940284128806113 0.4375074571965287 0.7009705176967427 0.6532589498081491 0.5369864109783373 0.5915125630040512 0.33055245056709814 0.9026400189004865 0.2607021377163734 0.776620497117277 0.13531454973801327 0.4501467676444586 0.17820461071886218 0.9311994305860678 
0.4243709302033163 0.5390706984736398 0.2694267376521511 0.09408076525567288 0.19761909650253862 0.12043748549789146 0.4320904251991241 0.3686823727246954 0.7889491841099779 0.800545075160703 0.16009620769227395 0.6215303808026491 0.22768252460317107 0.8482055632984575 
0.3622135671293638 0.2656805083914725 0.08925009892769942 0.7215853497159113 0.8997786490529205 0.714537841897012 0.777351360578774 0.39703324918441507 0.5295810781521116 0.50102693418831 0.4547210176942037 0.3233716205554813 0.04873228311501443 0.6756641988788848 
0.7929502977213229 0.2789727390011154 0.8822866322488437 0.8982337809316221 0.7875357334411728 0.0478478829255089 0.5414066370503886 0.4008891569828176 0.09707528996584036 0.7772802992144779 0.08385278059413181 0.1997327792174438 0.26959215224061717 0.20988402803304929 
0.43990503630509314 0.4730858796433385 0.6956734608644122 0.022143369863329987 0.4995401910901418 0.9461622686746316 0.2710758927727064 0.9015752454858612 0.37654744384911887 0.38580640572351355 0.9287072284112855 0.016434298604454445 0.7715005257200049 0.8905084896986899 
0.004462206013688963 0.9249203315281156 0.10188065884503905 0.3894438043550916 0.06024844385505679 0.8845716728055733 0.9091700544924098 0.13433740453074183 0.2463493877266606 0.5705151974098724 0.019219593253885003 0.6505423371834386 0.09460470212061567 0.9371006694782344 
0.7853665583321703 0.8902464277733744 0.8418385356386145 0.8045841947872382 0.8753769438693139 0.5895132245389023 0.6611580211185445 0.49366323201409956 0.46583046115664617 0.6521058885126823 0.9538979492482839 0.033107067774402865 0.24665669597683593 0.14993331594545167 
0.5682554898114278 0.959232679682568 0.09427876923236922 0.06992352579601235 0.9628380557686989 0.7907589489776947 0.39853629616399266 0.3303042967184684 0.8751186135265081 0.2521198207331894 0.9852094075838447 0.38351604378027215 0.48734774382217527 0.8181857961630911 
0.2839294960448526 0.2446326423605234 0.4812337094270821 0.972783442065362 0.4551320567674789 0.5196763558239245 0.6709723294192403 0.5432857509457505 0.6894805061332254 0.564896814472202 0.1994010310537162 0.28645928053618186 0.02543405570389301 0.1344497427829967 
0.9234738997771559 0.18589137575956982 0.9858813841949664 0.509592925606895 0.08674875269243565 0.5777757531806025 0.28412014356842763 0.977127937356483 0.628821070924539 0.5329235892358166 0.7691286205589296 0.1576985600798252 0.8108787317053586 0.3783999897725039 
0.07282961061253856 0.8655707014657643 0.6368034451409106 0.7775318876384909 0.09820304398189972 0.061469440520094176 0.864605547432678 0.955685226941791 0.9705310213625621 0.04311271052869681 0.5985731106382521 0.6798592786035617 0.7903910026110158 0.8064690378730133 
0.9865097598840938 0.5816183588903001 0.5126584821188468 0.6273956100831042 0.29914368256352764 0.2002123243730788 0.23467778966317288 0.9690555281087448 0.518790887460415 0.694588326799012 0.3661016248523147 0.8624403960864497 0.8664368224449481 0.2622341205170534 
0.11846736392985913 0.1779154497317652 0.2295914169375296 0.6707041938643082 0.2955801959771064 0.4413380459985793 0.728099850675342 0.43296183497302754 0.1537642876292754 0.6093138977003717 0.957420798526679 0.5751052360448022 0.7029817583902286 0.030952023335766188 
0.2958380234256103 0.4097268297229597 0.9763150299742949 0.0032031621216148665 0.4365265400486157 0.9624632250553962 0.8194657366712258 0.07990851832618684 0.20713452627217477 0.926714250184903 0.5576573176407508 0.913511522003644 0.4383200392362897 0.1974575408984236 
0.48410433477419057 0.8658586952603594 0.9026490339393176 0.910559288914913 0.7719099568852624 0.20087893679351965 0.044102830979634966 0.01768895742727694 0.5985699509929991 0.10406607206106078 0.9778644601999619 0.8828680528610575 0.7666167868826773 1.7117629288465608e-05 
0.3420315500368837 0.6374529087166804 0.38175552737746266 0.9312181942359101 0.26126776936693263 0.5953900993365624 0.21047008630457587 0.5341159079264759 0.0391233852123557 0.747985287459365 0.6862237033946554 0.7358413989076901 0.10059690528210097 0.042593766615654394 
0.28579545668686834 0.31937273540682765 0.621397270792594 0.3540591030224126 0.3951150518578179 0.957950608445984 0.8184954998886955 0.544961884598313 0.8484380375408969 0.6048288456061015 0.8369802091854837 0.45873108890727576 0.12598274996236347 0.6448721162006387 
0.9740336094983718 0.003579639137595292 0.855312688374523 0.9524708453981514 0.21155782424055258 0.5370441372351956 0.8914627953978359 0.049273132966366595 0.7567815992888247 0.1163931008597131 0.8719071721614406 0.8367976348240224 0.28161089740646317 0.8994467993107502 
0.46484531585355493 0.35447039607233577 0.9883295112665786 0.1713365581042552 0.9987659287215045 0.7186877010053911 0.3776458022905378 0.3715757352676716 0.7473873023337242 0.265142795275617 0.8600640841767117 0.9471412699067663 0.1955013659114696 0.13387510861315377 
0.8082225794014989 0.7770593469593285 0.45352729575964124 0.5007512127803638 0.07851642956303828 0.9437805560148682 0.6399120785984956 0.8242261428632791 0.9175512020594726 0.8075637889790238 0.6304252208460606 0.3212119298574213 0.6474148815011362 0.30177234950628085 
0.9273763455059195 0.7962536298881612 0.0684573828753926 0.16122808504057973 0.71576009184913 0.657175308699278 0.8720921192765919 0.7489825022183557 0.46734337004945037 0.05768583768423308 0.770168084915554 0.5032644046799579 0.414842558813333 0.7388799886334259 
0.4684121788251271 0.861739145482516 0.1450319847499767 0.1620576284295393 0.815625374514358 0.49350822145584805 0.20065595426937 0.6756639293075362 0.25871319540641635 0.8895420290361792 0.7162126240824139 0.005454014958463649 0.447520004970442 0.2809146536711602 
0.4562853258474713 0.8708016501381569 0.15654030505969052 0.8972813292148542 0.7360417327583765 0.6801873459921562 0.2847251343426531 0.3882863625791326 0.8080068642304347 0.30580232794653095 0.00940974366574554 0.3045175088838221 0.6674417847464277 0.920529604315398 
0.4338252210286735 0.2816280192688393 0.5527205635389327 0.8001259813821637 0.7373111543949544 0.12234575630662714 0.7055337891318858 0.4952937009893301 0.12496261269965048 0.14031981203698374 0.5332410489835522 0.6610241067537823 0.8351172959378694 0.8015809622549548 
0.3352664791293718 0.6179147536566127 0.09925552198764742 0.9469103533783955 0.18099046512517214 0.6468185535831367 0.19270628803497092 0.682432539720448 0.13796513459403725 0.9660152187352468 0.8662222868464973 0.30486082963822025 0.6819666407787445 0.4296902603861503 
0.40666831582042384 0.6687633470362355 0.110234376139285 0.4760039164486424 0.24243271035180392 0.2907608672025115 0.6143332607943456 0.7626672853304544 0.7490246430079822 0.1813800788068587 0.4039171649186194 0.8471780754886213 0.3313333324999066 0.12667341235324758 
0.513623608915133 0.7851339437265582 0.1429341081364096 0.1281797922639022 0.4027845716016397 0.837943803223134 0.6648656980665838 0.6785057944651206 0.8141433881670197 0.2031299467998927 0.6575016471441613 0.552100789907063 0.45662464099511624 0.0004638175916631404 
0.9014793875150056 0.5845603080765113 0.9672512658417131 0.4400940776688329 0.8832548748451563 0.23814098267582495 0.7899846563885917 0.30907387323641156 0.06236064821348497 0.05179354146558113 0.31107348046304195 0.2924482577085953 0.23479899401710924 0.26381639026555626 
0.3679999566897101 0.16994028109390014 0.21540322709882787 0.9849771677378871 0.42431610816042664 0.35869554431860307 0.4046556060254374 0.0027370298191754516 0.11011881285277003 0.3825907696600275 0.9204168024465846 0.9332087611577923 0.8310128502500964 0.827035621061606 
0.8286325416316914 0.0068783339621469874 0.2307125170810742 0.977860422310626 0.5801923937139346 0.4481372666762279 0.25314046201273777 0.8589555982528922 0.710120160053716 0.6987785207066095 0.8293343292137979 0.48109050359168226 0.7569232969515546 0.21309324699905974 
0.0715081388396609 0.14733500856104886 0.23067267913099698 0.9569685254750682 0.19521166506850085 0.2856067749210621 0.9756301457241985 0.3668695543349525 0.38653991024365475 0.8400491868031217 0.3631426149541681 0.330062553799507 0.014192764046227824 0.1305600259539016 
0.5006148839752083 0.2519888535360715 0.25765340565880746 0.17481624750890823 0.10221277270962226 0.21303147212580154 0.3727495481653733 0.6482277983032065 0.16233925263727023 0.3248859652005508 0.8679481712053222 0.5066194592316718 0.23688248336624962 0.22688360194975554 
0.5771789287192587 0.02497067481100801 0.44553292805268085 0.6573813566105563 0.7348519203970801 0.6783277134655217 0.8282596810583291 0.3289712710571472 0.39199326787884403 0.3689299257244545 0.7657349173863541 0.06643353325896695 0.37898579685660116 0.8035013402555428 
0.38286138760354593 0.23219226618336553 0.9971000080342625 0.12983131242996027 0.08910065728984695 0.08243498528540905 0.6664745362562049 0.8565119312472719 0.6041880270095261 0.41966603073613906 0.7745722708810259 0.11081637349664575 0.04379539121045184 0.6215506120058337 
0.21526739886868917 0.1699618792571862 0.18927786444673833 0.9806910883585339 0.9636036936864932 0.17914129524632882 0.13455465710130865 0.2596166525960435 0.3241864335290068 0.4210826725847929 0.6236273115332118 0.12336623282069659 0.30449552254484347 0.062458728221660764 
0.6670728603957632 0.6842912502993576 0.8161363602197436 0.004106009348465833 0.2563043028374765 0.38700284328775736 0.31870156307969655 0.14638433884818125 0.1523723979517284 0.4227497931577502 0.8417344103019488 0.4701807907820911 0.9039933907805213 0.03613372741909737 
0.4953019693379752 0.13714093212589584 0.4948894335889118 0.41940802479967243 0.8546868964569213 0.6460128340126997 0.2165040277505872 0.6550206654758277 0.040856297485363124 0.9586858314750456 0.65224418620029 0.5337574196539705 0.9927241063113649 0.09733786523799792 
0.3219367727910253 0.016505032675265374 0.48770334648268376 0.532842441206915 0.09304637939700111 0.811749558803748 0.33443711771753526 0.1749695893303551 0.8030391102440995 0.2648802363031223 0.2743856136405025 0.3925179023369765 0.7470654829051153 0.2779364948040165 
0.32664762929697766 0.2956419714322187 0.2589580964006448 0.9954644966538503 0.3801024744837467 0.837143284572341 0.754316211157464 0.40554491690197414 0.6483830521093087 0.6466539048777121 0.942219245061613 0.22495538351180988 0.45520232380466275 0.4008191726102325 
0.12176867153637205 0.7213993249375684 0.024723103121482515 0.7298578075363567 0.928412896103652 0.19438022098561913 0.04813546987247419 0.6029188235302384 0.8474667915327234 0.9944253754828625 0.5641094150231586 0.6487370052486732 0.15814268455855518 0.5904739225215297 
