0.0014247744525657197 0.36762749686925844 0.39844156912967554 0.37495428191894337 0.4017090809161342 0.4108869293686054 0.47560177888124067 0.43940447078179246 0.5280317389751285 0.49990173761070833 0.5168663569321572 
0.009547064997475634 0.3937500212975903 0.393750021297752 0.39999999999967134 0.39999999999967134 0.39999999999967134 0.39999999999967134 0.39999999999967134 0.39999999999967134 0.39999999999967134 0.39999999999967134 
0.016604821645449498 0.40625000070555545 0.40625000070555545 0.40625000070555545 0.40625000070555545 0.40625000070555545 0.40625000070555545 0.40625000070555545 0.40625000070555545 0.40625000070555545 0.40625000070555545 
0.016235348043952 0.4631493293845012 0.450950277201405 0.450950597518038 0.450950597518038 0.43852925615543475 0.43852925615543475 0.43852925615543475 0.43852925615543475 0.43852925615543475 0.43852925615543475 
0.016529983701264045 0.46873744492569924 0.48748941735369195 0.4937476286692014 0.4875000330594201 0.49374979034278355 0.44960585940414594 0.4375171605770919 0.48115417777592046 0.46883049102488644 0.4625105763736004 
0.01587569470330955 0.31892689079984987 0.3812443758950651 0.3686872170939181 0.3687278920302042 0.36873341119052416 0.41487556110648055 0.38749966474203695 0.38750033075609563 0.4124997826062229 0.37516350252301195 
0.002283738341297384 0.42499922693302283 0.42391196738716913 0.4700470302525816 0.48125001940488354 0.4812500471194513 0.4812500471204742 0.4812500471204742 0.46250002288975833 0.46250002288975833 0.45624999450034415 
0.014586698666962886 0.43787685444112867 0.43787685444112867 0.43749989519223503 0.44375 0.44375 0.44375 0.44375 0.44375 0.44375 0.44375 
0.0019427279387200867 0.4249083452479402 0.40624401857326137 0.40624401857326137 0.40624401857326137 0.40624401857326137 0.40624401857326137 0.40624401857326137 0.4375074944232581 0.4375074944232581 0.4428747792056386 
0.008044944883217841 0.3639489527786024 0.34398151769090013 0.37480175450208425 0.41250001266606484 0.4187499997411945 0.4187499997411945 0.4187499997411945 0.4187499997411945 0.4187499997411945 0.4187499997411945 
0.008353872650966876 0.4561634716004296 0.4970521720886315 0.4906977612909168 0.43799351173036405 0.4355703197785301 0.4471876940291105 0.42607262697669057 0.4937499999822082 0.4937499999822082 0.4937499999822082 
0.014821266376140275 0.3022170265400434 0.44753874745706373 0.4480247938931917 0.43169916719136187 0.40402788782523424 0.44252523780256825 0.4332949857303344 0.4362626943021146 0.4078066901650349 0.40643824765867664 
0.0016200974321437926 0.47882083992335894 0.48676582222370446 0.5181838750244795 0.4507567521294111 0.4821272275731861 0.530513172912845 0.48074410437269866 0.4874783975789366 0.5379232528450395 0.4871064721928041 
0.0019363962512326763 0.4499930927416133 0.4312375012429522 0.43749262670914807 0.4374968564635299 0.4312499813227819 0.4312499813227819 0.4312499813227819 0.4312499813227819 0.4312499813227819 0.4312499813223429 
0.008897634624056691 0.3755800144773932 0.40018428662233074 0.4063804718250781 0.431249520182482 0.42499998927637606 0.41875000127438183 0.45624999992910864 0.4562499999013439 0.45624999975062314 0.44999999995368994 
