0.01440321223905329 0.006527019564328375 0.018976604730276157 0.30631383705268544 0.3375265372091717 0.33751364670371553 0.33751092345917677 0.33750960513686923 0.33750881101839286 0.3375082649667013 0.33750784817218804 
0.015578029181958714 0.025277849991990342 0.016192180325775168 0.07527065192288776 0.07244675666623475 0.16701886294740015 0.07912676223548168 0.19109036378717398 0.1948135329116541 0.19722281159013377 0.20352971459146496 
0.010004230361548624 0.331297949380897 0.357128495012314 0.35967674215015355 0.36756846123932424 0.38143545719276506 0.37718684659537405 0.38269237349994667 0.37421330191570357 0.3662764840683504 0.38248947026432834 
0.008967404587704371 0.037786713271357866 0.0002476941965663403 0.4125513683595032 0.4125356122912687 0.4125301425977687 0.41252738906371905 0.41252567023928466 0.4125244507264239 0.4125234925810001 0.41252274075437256 
0.014990425437676059 0.4000000499209289 0.4000000499209289 0.4000000499209289 0.4000000499209289 0.4187500239458502 0.4187500460115553 0.4187500587199001 0.4187500936088835 0.45000002358864943 0.45000002467752404 
0.008595664732020995 0.13383459879306076 0.010569140204309989 0.21705655053516848 0.11949152025846407 0.20052416698568468 0.44257094552740456 0.4555378949269652 0.4466930496040732 0.4632910819724202 0.45077444491907953 
0.019970014678365434 0.08768913776193103 0.34363933735368674 0.35610959860396474 0.3565843140130195 0.3720267858932525 0.3745581134208324 0.37902159850187844 0.36687965622008556 0.36632837165309895 0.3692362897525722 
0.00843969460269498 0.31250029969572674 0.3187500052154238 0.3187500052154238 0.3187500052154238 0.3187500052154238 0.3187500052154238 0.3187500052154238 0.3187500052154238 0.3187500052154238 0.3187500052154238 
0.014397266654037063 0.38125001429622224 0.38125001429926036 0.3812500143012242 0.3812500143028651 0.38125001430480043 0.38125001430577476 0.38125001430542216 0.38125001430432365 0.3812500143023042 0.3812500142989971 
0.01891952408311629 0.43750001674829103 0.4375000159926269 0.45624999999984295 0.45624999999984295 0.45624999999984295 0.45624999999984295 0.45624999999984295 0.45624999999984295 0.45624999999984295 0.45624999999984295 
0.0022197315803037425 0.014346624034067548 0.00020371889959316337 0.3937502137956989 0.3875000000000394 0.3875000000000394 0.3875000000000394 0.3875000000000394 0.3875000000000394 0.3875000000000394 0.3875000000000394 
0.16262497311830898 0.3625000007451574 0.3625000007451574 0.3625000007451574 0.3625000007451574 0.3625000007451574 0.3625000007451574 0.3625000007451574 0.3625000007451574 0.3625000007451574 0.3625000007451574 
0.002835400984311893 0.08238156520418669 0.07508988834224636 0.08130346971237527 0.24093604593474272 0.17503592560879003 0.1718040101865197 0.1862393713973996 0.1941168699472655 0.18252631673282252 0.18717680885332263 
0.11256959985154166 0.3187501796414841 0.3562501481814489 0.38750001451387694 0.3875000153168995 0.3875000153645019 0.38750001568989256 0.3875000166018794 0.38750002009379775 0.3875000171658732 0.38750001719262206 
0.008208766875729493 0.3187513180232709 0.31874999958197636 0.318749999305726 0.31874999781960167 0.3187500056865018 0.3187500069685168 0.31875000875667336 0.31875001188508917 0.31875001894139987 0.3187500592484619 
