0.018599771790515605 0.2853947335775516 0.2946622674862084 0.3145388781503273 0.31459299832974325 0.3167948782956719 0.3159823035470898 0.3207010453628863 0.33914970112848186 0.3289248409654353 0.3342461403340856 
0.0024286493709204707 0.418750003626398 0.41875000391921 0.41875000391921 0.41875000391921 0.41875000391921 0.41875000391921 0.41875000391921 0.41875000391921 0.41875000391921 0.41875000391921 
0.008910794617354566 0.3982462486636983 0.3982462486773161 0.3982462486773161 0.3982462486773161 0.3982462484910375 0.3982462484910375 0.3982462484910375 0.39824625579382805 0.3982461899112839 0.3982459694210118 
0.001573679984911228 0.06514906855988783 0.06706312844788456 0.07371191500801519 0.15526287461742533 0.09202700954203158 0.1003668798975796 0.10999100075605237 0.13397601957743352 0.12973921368654756 0.16839324491098773 
0.03133938687284186 0.3749999999889756 0.3749999999889756 0.3749999999889756 0.3749999999889756 0.3749999999889756 0.3749999999889756 0.3749999999889756 0.3749999999889756 0.3749999999889756 0.3749999999889756 
0.002305328695750443 0.19774769992699248 0.2018776054944805 0.21593702074924295 0.21683267171652573 0.2205262154099273 0.2352211308175823 0.23447953811279762 0.24868432722531092 0.2432823615109671 0.23908372369470557 
0.019897102402376167 0.30183540282515703 0.2713415496527579 0.2673256846229104 0.2706167889942345 0.28971563045888843 0.31026087847294126 0.30660064892384664 0.3676648645880204 0.3856615203227567 0.37925681467671407 
0.008464155680473576 0.2712431879396263 0.27639451935930454 0.3084029560633585 0.353550190999468 0.3505412418315291 0.3573385959600471 0.35677972832014754 0.3615208779294462 0.3562847759320181 0.3483591859941337 
0.009225227627536619 0.40921233070544094 0.40906524086050816 0.40906742204311464 0.4090692655937188 0.407089022007329 0.4070890220073277 0.4070883220256425 0.40708692616012393 0.4070869261601248 0.4070869261601248 
0.008121489111334704 0.3644818713898319 0.36551027491253446 0.36551027491253446 0.36551027491253446 0.36551027491253446 0.3610858394433616 0.3610858394433616 0.3610858394433616 0.3610858394433616 0.3610858394433616 
0.0029507901532213414 0.2545354429607826 0.25692048814914 0.3005198097432185 0.314494052597729 0.30958762956561825 0.28726161576810655 0.29863872589156487 0.2901651203433606 0.3387446416256232 0.2918073917602446 
0.00896203869575715 0.40420549511199616 0.40420509959692386 0.40420509959692386 0.4042051111030327 0.4042051111030327 0.4042051111030327 0.4042051111030327 0.4042051111030327 0.4002140650064095 0.4002140650064095 
0.013709947201243128 0.11564524767934452 0.07644206829267075 0.09286776461070731 0.14507506528033468 0.14258767088220567 0.15359687254209975 0.19958800963731374 0.18062336916975105 0.1967683229587906 0.2036725591568555 
0.008436755092978959 0.4189686472593688 0.4189686513571642 0.4189686513571642 0.4189686513571642 0.4189686513571642 0.4189686528482538 0.4189686528482538 0.4189686528482538 0.4189686528482538 0.4189686528482538 
0.03136391390458354 0.4138287312204373 0.4138287312204373 0.4138287312204373 0.4138287312204373 0.4138287312204373 0.4138287312204373 0.4138287312204373 0.4138287312204373 0.4138287312204373 0.4138287312204373 
